===== 2026-04-10 14:07 分析报告 =====

【股票 600711】
近10日K线：
            date   open   high    low  close       volume        amount  outstanding_share  turnover
6822  2026-03-26  12.20  12.36  11.99  12.06  113942841.0  1.384496e+09       3.090612e+09  0.036867
6823  2026-03-27  11.86  12.50  11.82  12.43  131322035.0  1.617468e+09       3.090612e+09  0.042491
6824  2026-03-30  12.18  12.61  12.05  12.55  118192064.0  1.459589e+09       3.090612e+09  0.038242
6825  2026-03-31  12.61  13.13  12.54  12.67  148158041.0  1.892548e+09       3.090612e+09  0.047938
6826  2026-04-01  13.89  13.89  13.30  13.54  207638151.0  2.814597e+09       3.090612e+09  0.067184
6827  2026-04-02  13.55  13.85  13.18  13.54  170206937.0  2.304048e+09       3.090612e+09  0.055072
6828  2026-04-03  13.60  13.64  13.01  13.20  114258373.0  1.506913e+09       3.090612e+09  0.036970
6829  2026-04-07  13.20  13.71  13.20  13.52  109154791.0  1.472262e+09       3.090612e+09  0.035318
6830  2026-04-08  14.19  14.55  13.98  14.47  174758491.0  2.503100e+09       3.090612e+09  0.056545
6831  2026-04-09  14.20  14.49  14.01  14.34  102349057.0  1.465066e+09       3.090612e+09  0.033116

近5日主力资金：
             日期    收盘价   涨跌幅     主力净流入-净额  主力净流入-净占比    超大单净流入-净额  超大单净流入-净占比    大单净流入-净额  大单净流入-净占比    中单净流入-净额  中单净流入-净占比     小单净流入-净额  小单净流入-净占比
115  2026-04-02  13.54  0.00  178600880.0       7.75   93828368.0        4.07  84772512.0       3.68 -33824672.0      -1.47 -144776208.0      -6.28
116  2026-04-03  13.20 -2.51  -82276569.0      -5.46   -7926633.0       -0.53 -74349936.0      -4.93  -5964000.0      -0.40   88240576.0       5.86
117  2026-04-07  13.52  2.42   38512301.0       2.62   48079597.0        3.27  -9567296.0      -0.65  -2371952.0      -0.16  -36140336.0      -2.45
118  2026-04-08  14.47  7.03  137729536.0       5.50  107509200.0        4.30  30220336.0       1.21 -12400864.0      -0.50 -125328656.0      -5.01
119  2026-04-09  14.34 -0.90 -141425266.0      -9.65  -99550498.0       -6.79 -41874768.0      -2.86 -15852976.0      -1.08  157278224.0      10.74

【股票 002240】
近10日K线：
            date   open   high    low  close      volume        amount  outstanding_share  turnover
4041  2026-03-26  35.81  38.87  35.70  38.39  67145173.0  2.550546e+09        912908722.0  0.073551
4042  2026-03-27  38.50  42.23  38.22  42.23  55738411.0  2.257649e+09        912908722.0  0.061056
4043  2026-03-30  43.00  44.00  41.58  42.08  79642850.0  3.389935e+09        912908722.0  0.087241
4044  2026-03-31  41.33  41.89  39.70  40.10  57528694.0  2.334374e+09        912908722.0  0.063017
4045  2026-04-01  40.20  40.77  38.41  39.43  43543695.0  1.720340e+09        912908722.0  0.047698
4046  2026-04-02  39.12  41.11  38.89  39.69  49336435.0  1.977196e+09        912908722.0  0.054043
4047  2026-04-03  39.69  40.15  37.54  38.99  41520275.0  1.609436e+09        912908722.0  0.045481
4048  2026-04-07  39.36  39.50  37.73  38.80  30726941.0  1.183500e+09        912908722.0  0.033658
4049  2026-04-08  38.69  39.70  38.13  39.54  48264019.0  1.884787e+09        912908722.0  0.052868
4050  2026-04-09  40.05  40.60  38.33  39.00  43665228.0  1.718874e+09        912908722.0  0.047831

近5日主力资金：
             日期    收盘价   涨跌幅    主力净流入-净额  主力净流入-净占比   超大单净流入-净额  超大单净流入-净占比    大单净流入-净额  大单净流入-净占比    中单净流入-净额  中单净流入-净占比    小单净流入-净额  小单净流入-净占比
115  2026-04-02  39.69  0.66  10914781.0       0.55  17233053.0        0.87  -6318272.0      -0.32   4328464.0       0.22 -15243232.0      -0.77
116  2026-04-03  38.99 -1.76 -88250195.0      -5.48 -59976243.0       -3.73 -28273952.0      -1.76  43887456.0       2.73  44362720.0       2.76
117  2026-04-07  38.80 -0.49 -40649327.0      -3.43 -26957999.0       -2.28 -13691328.0      -1.16 -33898368.0      -2.86  74547696.0       6.30
118  2026-04-08  39.54  1.91  26670297.0       1.42  41404505.0        2.20 -14734208.0      -0.78  10042144.0       0.53 -36712432.0      -1.95
119  2026-04-09  39.00 -1.37  23402771.0       1.36  10649331.0        0.62  12753440.0       0.74 -38186320.0      -2.22  14783536.0       0.86

===== AI分析规则 =====

=== 分析规则 ===
1.主力资金：连续3-5日净流入=合格，2日净流出=预警
2.量价：放量1.5倍+突破均线=有效
3.止损：跌破5日均线/资金连续流出
免费无筹码/板块数据，需手动补充
